1,8e-06
2,3e-06
3,3e-06
4,2e-06
5,3e-06
6,3e-06
7,3e-06
8,3e-06
9,4e-06
10,2e-05
11,3e-06
12,4e-06
13,4e-06
14,4e-06
15,5e-06
16,5e-06
17,5e-06
18,6e-06
19,4e-06
20,5e-06
21,6e-06
22,6e-06
23,6e-06
24,7e-06
25,7e-06
26,8e-06
27,7e-06
28,8e-06
29,8e-06
30,9e-06
31,1e-05
32,9e-06
33,1e-05
34,1e-05
35,1.1e-05
36,1.2e-05
37,1.2e-05
38,1.8e-05
39,1.2e-05
40,1.4e-05
41,1.4e-05
42,1.5e-05
43,1.6e-05
44,1.6e-05
45,1.6e-05
46,1.7e-05
47,1.8e-05
48,1.9e-05
49,2e-05
50,2e-05
51,2e-05
52,2.1e-05
53,2.1e-05
54,2.1e-05
55,2.6e-05
56,2.3e-05
57,2.4e-05
58,3e-05
59,2.5e-05
60,2.5e-05
61,2.6e-05
62,2.7e-05
63,2.8e-05
64,2.9e-05
65,3e-05
66,3.1e-05
67,3.1e-05
68,3.2e-05
69,3.3e-05
70,3.2e-05
71,4.2e-05
72,4.2e-05
73,3.7e-05
74,4.5e-05
75,3.8e-05
76,3.9e-05
77,3.9e-05
78,4.1e-05
79,4.1e-05
80,4.2e-05
81,4.2e-05
82,4.3e-05
83,4.5e-05
84,4.6e-05
85,4.7e-05
86,7.3e-05
87,4.9e-05
88,5e-05
89,5.7e-05
90,7.4e-05
91,5.5e-05
92,5.3e-05
93,5.4e-05
94,5.6e-05
95,5.6e-05
96,5.8e-05
97,6.6e-05
98,6e-05
99,6.1e-05
100,6.2e-05
101,6.3e-05
102,6.4e-05
103,6.5e-05
104,6.7e-05
105,6.6e-05
106,6.8e-05
107,7.5e-05
108,7.1e-05
109,7.2e-05
110,7.3e-05
111,7.4e-05
112,7.5e-05
113,7.7e-05
114,7.7e-05
115,7.9e-05
116,8.7e-05
117,8.2e-05
118,8.3e-05
119,8.4e-05
120,8.5e-05
121,8.5e-05
122,8.7e-05
123,8.8e-05
124,8.8e-05
125,9.7e-05
126,9.2e-05
127,9.4e-05
128,9.5e-05
129,9.7e-05
130,0.000103
131,8.1e-05
132,8.7e-05
133,8.4e-05
134,8.4e-05
135,8.4e-05
136,8.7e-05
137,8.7e-05
138,9e-05
139,8.9e-05
140,9.8e-05
141,9.2e-05
142,9e-05
143,8.1e-05
144,8.1e-05
145,9.4e-05
146,8.7e-05
147,0.000109
148,0.000115
149,0.000109
150,0.00012
151,9.8e-05
152,8.8e-05
153,8.9e-05
154,0.0001
155,9.3e-05
156,9.3e-05
157,9.9e-05
158,9.7e-05
159,0.000108
160,9.7e-05
161,9.8e-05
162,0.000101
163,0.000106
164,0.000103
165,0.000104
166,0.000104
167,0.000106
168,0.000107
169,0.000112
170,0.00011
171,0.000111
172,0.000115
173,0.000113
174,0.000114
175,0.000129
176,0.000117
177,0.000158
178,0.000264
179,0.000212
180,0.000176
181,0.000125
182,0.000134
183,0.000124
184,0.000125
185,0.000128
186,0.000136
187,0.000131
188,0.000131
189,0.000133
190,0.000134
191,0.000141
192,0.000138
193,0.000138
194,0.000187
195,0.000182
196,0.000229
197,0.000189
198,0.000146
199,0.000155
200,0.000148
201,0.000149
202,0.000149
203,0.000152
204,0.000146
205,0.000192
206,0.000139
207,0.000132
208,0.000131
209,0.000132
210,0.000133
211,0.000139
212,0.000136
213,0.000137
214,0.000138
215,0.000139
216,0.000144
217,0.000142
218,0.000144
219,0.000145
220,0.000151
221,0.000147
222,0.000149
223,0.000158
224,0.000152
225,0.000153
226,0.000153
227,0.000159
228,0.000157
229,0.000158
230,0.00016
231,0.000164
232,0.00016
233,0.000163
234,0.000164
235,0.000169
236,0.000168
237,0.000205
238,0.000172
239,0.000171
240,0.000182
241,0.000173
242,0.000174
243,0.000176
244,0.000181
245,0.000177
246,0.000178
247,0.000181
248,0.000187
249,0.000183
250,0.000185
251,0.000187
252,0.000187
253,0.000192
254,0.000191
255,0.000192
256,0.000198
257,0.000195
258,0.00022
259,0.000207
260,0.000199
261,0.000199
262,0.000204
263,0.000201
264,0.000236
265,0.00021
266,0.000227
267,0.000234
268,0.000212
269,0.000212
270,0.000216
271,0.000213
272,0.000219
273,0.000218
274,0.000218
275,0.000225
276,0.000234
277,0.000284
278,0.00023
279,0.000226
280,0.000232
281,0.000231
282,0.000232
283,0.000236
284,0.000235
285,0.000237
286,0.000243
287,0.00024
288,0.000248
289,0.000243
290,0.000245
291,0.00025
292,0.000248
293,0.000249
294,0.000253
295,0.000252
296,0.000256
297,0.000255
298,0.000259
299,0.000263
300,0.000259
301,0.000351
302,0.000286
303,0.000264
304,0.000271
305,0.000268
306,0.00032
307,0.000272
308,0.000272
309,0.000273
310,0.000277
311,0.000279
312,0.000279
313,0.000283
314,0.000284
315,0.000298
316,0.000287
317,0.000288
318,0.00029
319,0.000317
320,0.000332
321,0.000295
322,0.000296
323,0.000299
324,0.000299
325,0.0003
326,0.000353
327,0.000305
328,0.000309
329,0.000308
330,0.000319
331,0.000314
332,0.000315
333,0.00032
334,0.000323
335,0.000322
336,0.000327
337,0.000323
338,0.000329
339,0.000328
340,0.000309
341,0.000296
342,0.000386
343,0.000393
344,0.000346
345,0.000343
346,0.000437
347,0.000392
348,0.000377
349,0.000372
350,0.000363
351,0.000385
352,0.000386
353,0.000388
354,0.000349
355,0.000395
356,0.00037
357,0.000387
358,0.00038
359,0.000379
360,0.000403
361,0.000388
362,0.000396
363,0.000381
364,0.000377
365,0.000364
366,0.000401
367,0.000402
368,0.000506
369,0.000397
370,0.000399
371,0.000421
372,0.000425
373,0.000443
374,0.000436
375,0.000424
376,0.000427
377,0.00044
378,0.000485
379,0.000551
380,0.000473
381,0.000492
382,0.000426
383,0.000432
384,0.000434
385,0.000437
386,0.000437
387,0.000422
388,0.000455
389,0.000459
390,0.000461
391,0.000443
392,0.000433
393,0.000434
394,0.000448
395,0.000816
396,0.000627
397,0.000506
398,0.000463
399,0.000484
400,0.00055
401,0.000497
402,0.000591
403,0.000726
404,0.000463
405,0.00067
406,0.000807
407,0.000812
408,0.000756
409,0.000806
410,0.000632
411,0.000592
412,0.000726
413,0.001035
414,0.000929
415,0.000566
416,0.00049
417,0.000471
418,0.000483
419,0.00049
420,0.000575
421,0.000496
422,0.000532
423,0.000508
424,0.000473
425,0.000466
426,0.000445
427,0.000449
428,0.00045
429,0.000453
430,0.000453
431,0.000457
432,0.000481
433,0.000461
434,0.00046
435,0.000542
436,0.000517
437,0.000534
438,0.0005
439,0.000505
440,0.000507
441,0.000474
442,0.00054
443,0.00053
444,0.000509
445,0.000484
446,0.000494
447,0.000575
448,0.000569
449,0.000521
450,0.000523
451,0.000551
452,0.000499
453,0.000503
454,0.000504
455,0.000509
456,0.000508
457,0.000536
458,0.000513
459,0.00053
460,0.000584
461,0.000654
462,0.000521
463,0.000525
464,0.000525
465,0.000528
466,0.00053
467,0.000533
468,0.000534
469,0.000538
470,0.000596
471,0.000613
472,0.000625
473,0.000638
474,0.000634
475,0.000627
476,0.000644
477,0.000651
478,0.000628
479,0.000633
480,0.000641
481,0.000638
482,0.000652
483,0.000703
484,0.000732
485,0.000663
486,0.000646
487,0.000656
488,0.000836
489,0.00121
490,0.0013
491,0.001437
492,0.001855
493,0.001593
494,0.001227
495,0.001242
496,0.000705
497,0.000675
498,0.001003
499,0.000688
500,0.00069
501,0.000688
502,0.000692
503,0.000692
504,0.000698
505,0.000697
506,0.000706
507,0.001047
508,0.000767
509,0.000735
510,0.000712
511,0.000724
512,0.000704
513,0.000638
514,0.000641
515,0.000639
516,0.000643
517,0.000646
518,0.000648
519,0.000651
520,0.000652
521,0.000656
522,0.000661
523,0.00066
524,0.000663
525,0.000663
526,0.000668
527,0.000673
528,0.00067
529,0.000675
530,0.000679
531,0.000736
532,0.0007
533,0.000711
534,0.000688
535,0.000689
536,0.000691
537,0.000694
538,0.000698
539,0.000698
540,0.000703
541,0.000706
542,0.000708
543,0.000709
544,0.000711
545,0.000714
546,0.00072
547,0.000717
548,0.000722
549,0.000794
550,0.000729
551,0.000742
552,0.000731
553,0.000735
554,0.000738
555,0.000767
556,0.000786
557,0.000768
558,0.000747
559,0.000751
560,0.000751
561,0.000754
562,0.000759
563,0.00076
564,0.000762
565,0.000858
566,0.000807
567,0.000771
568,0.000773
569,0.000776
570,0.000777
571,0.000781
572,0.000784
573,0.000786
574,0.000789
575,0.00079
576,0.000916
577,0.000838
578,0.000847
579,0.000802
580,0.000805
581,0.000806
582,0.000809
583,0.000813
584,0.000813
585,0.000818
586,0.000819
587,0.000877
588,0.000826
589,0.000828
590,0.00083
591,0.000836
592,0.000836
593,0.000839
594,0.000841
595,0.000843
596,0.000964
597,0.000863
598,0.000866
599,0.000859
600,0.000859
601,0.000861
602,0.000863
603,0.001008
604,0.001
605,0.000887
606,0.000874
607,0.000879
608,0.000883
609,0.000883
610,0.000885
611,0.000888
612,0.00089
613,0.000893
614,0.000945
615,0.0009
616,0.000938
617,0.000905
618,0.000912
619,0.000911
620,0.000913
621,0.000917
622,0.00092
623,0.000921
624,0.000927
625,0.000929
626,0.000931
627,0.000931
628,0.000936
629,0.000942
630,0.000942
631,0.000945
632,0.001004
633,0.00095
634,0.000981
635,0.000956
636,0.000959
637,0.000978
638,0.001102
639,0.001099
640,0.001251
641,0.000973
642,0.000979
643,0.000981
644,0.000985
645,0.000986
646,0.000988
647,0.000992
648,0.000997
649,0.001249
650,0.001408
651,0.001007
652,0.001048
653,0.001012
654,0.001013
655,0.001015
656,0.00102
657,0.001031
658,0.001025
659,0.001349
660,0.001155
661,0.001037
662,0.001037
663,0.001043
664,0.001097
665,0.001071
666,0.001088
667,0.001093
668,0.001054
669,0.001056
670,0.001061
671,0.001066
672,0.001066
673,0.001069
674,0.001078
675,0.001079
676,0.001149
677,0.001087
678,0.00109
679,0.001161
680,0.001203
681,0.001175
682,0.001107
683,0.001102
684,0.001107
685,0.001106
686,0.001109
687,0.001115
688,0.00112
689,0.00112
690,0.001121
691,0.001126
692,0.001132
693,0.001134
694,0.001137
695,0.00119
696,0.001168
697,0.001145
698,0.001175
699,0.001152
700,0.001158
701,0.001159
702,0.001191
703,0.001164
704,0.00117
705,0.001171
706,0.001172
707,0.001178
708,0.00119
709,0.001227
710,0.001214
711,0.001323
712,0.001309
713,0.001199
714,0.001199
715,0.001202
716,0.001212
717,0.001211
718,0.001212
719,0.001258
720,0.001221
721,0.001248
722,0.001273
723,0.001253
724,0.001231
725,0.001235
726,0.001239
727,0.001243
728,0.001244
729,0.00125
730,0.001248
731,0.001282
732,0.001257
733,0.001263
734,0.001265
735,0.001313
736,0.00148
737,0.001362
738,0.001276
739,0.001282
740,0.001286
741,0.001299
742,0.001315
743,0.001295
744,0.001301
745,0.001304
746,0.001332
747,0.001354
748,0.001373
749,0.001316
750,0.001379
751,0.001322
752,0.001325
753,0.001328
754,0.001333
755,0.001348
756,0.001337
757,0.001377
758,0.001347
759,0.001351
760,0.001464
761,0.001361
762,0.001692
763,0.001487
764,0.001368
765,0.001369
766,0.001372
767,0.00141
768,0.001383
769,0.001386
770,0.001387
771,0.001389
772,0.001392
773,0.00143
774,0.001451
775,0.001402
776,0.00141
777,0.001415
778,0.001414
779,0.001446
780,0.001419
781,0.001505
782,0.00143
783,0.001432
784,0.001435
785,0.001468
786,0.001443
787,0.001444
788,0.001452
789,0.001464
790,0.001457
791,0.001461
792,0.001462
793,0.001471
794,0.001472
795,0.001474
796,0.001477
797,0.001492
798,0.001485
799,0.001488
800,0.001495
801,0.001501
802,0.0015
803,0.001501
804,0.001507
805,0.001509
806,0.001515
807,0.001519
808,0.001525
809,0.00155
810,0.001529
811,0.00153
812,0.001534
813,0.00154
814,0.001601
815,0.001546
816,0.001551
817,0.001558
818,0.001559
819,0.001589
820,0.001564
821,0.001565
822,0.001571
823,0.001576
824,0.001583
825,0.001586
826,0.001588
827,0.001597
828,0.001593
829,0.001595
830,0.001692
831,0.001732
832,0.001609
833,0.001611
834,0.001616
835,0.001712
836,0.001627
837,0.001628
838,0.001929
839,0.001852
840,0.002739
841,0.003105
842,0.002784
843,0.002228
844,0.003121
845,0.003384
846,0.003339
847,0.00247
848,0.001952
849,0.002
850,0.001912
851,0.001917
852,0.001919
853,0.002005
854,0.001917
855,0.001928
856,0.001971
857,0.002273
858,0.001943
859,0.002097
860,0.002023
861,0.001722
862,0.001725
863,0.00173
864,0.001734
865,0.001738
866,0.001737
867,0.001783
868,0.001747
869,0.001754
870,0.001757
871,0.001762
872,0.001761
873,0.001792
874,0.001776
875,0.001772
876,0.001827
877,0.001782
878,0.001788
879,0.001792
880,0.001798
881,0.001801
882,0.001887
883,0.001808
884,0.00181
885,0.001812
886,0.001818
887,0.00201
888,0.00192
889,0.001833
890,0.00183
891,0.001836
892,0.001843
893,0.001844
894,0.001876
895,0.001854
896,0.001856
897,0.001867
898,0.001867
899,0.001872
900,0.001876
901,0.002006
902,0.001881
903,0.001978
904,0.00189
905,0.00189
906,0.001899
907,0.001903
908,0.001932
909,0.001909
910,0.001915
911,0.001922
912,0.001998
913,0.00215
914,0.001929
915,0.001937
916,0.001941
917,0.00194
918,0.00195
919,0.002015
920,0.001959
921,0.002014
922,0.001966
923,0.001971
924,0.001975
925,0.001972
926,0.001983
927,0.001994
928,0.001992
929,0.001995
930,0.002001
931,0.002025
932,0.002007
933,0.002009
934,0.002015
935,0.002026
936,0.002056
937,0.002065
938,0.002033
939,0.002038
940,0.002046
941,0.002048
942,0.002075
943,0.002054
944,0.002116
945,0.002063
946,0.002068
947,0.002093
948,0.002092
949,0.002127
950,0.002346
951,0.002517
952,0.002089
953,0.002161
954,0.002142
955,0.002105
956,0.002175
957,0.002172
958,0.002119
959,0.002122
960,0.002126
961,0.00213
962,0.002138
963,0.002138
964,0.002151
965,0.002149
966,0.002152
967,0.002155
968,0.002304
969,0.002164
970,0.002168
971,0.002393
972,0.002201
973,0.002212
974,0.002192
975,0.002195
976,0.002198
977,0.002203
978,0.002207
979,0.002212
980,0.002208
981,0.002252
982,0.002217
983,0.002229
984,0.002228
985,0.002309
986,0.002239
987,0.002242
988,0.002246
989,0.002285
990,0.002257
991,0.002265
992,0.002268
993,0.002272
994,0.002312
995,0.002298
996,0.002393
997,0.002288
998,0.002335
999,0.002317
1000,0.002299
1001,0.002321
1002,0.00231
1003,0.002316
1004,0.002318
1005,0.002349
1006,0.002326
1007,0.002332
1008,0.002335
1009,0.00234
1010,0.00238
1011,0.002616
1012,0.002386
1013,0.002357
1014,0.002363
1015,0.002402
1016,0.002372
1017,0.0024
1018,0.002405
1019,0.002386
1020,0.002392
1021,0.002396
1022,0.002401
1023,0.002409
1024,0.002407
1025,0.002416
1026,0.002411
1027,0.002421
1028,0.002704
1029,0.002551
1030,0.002437
1031,0.002439
1032,0.002445
1033,0.002446
1034,0.00245
1035,0.002516
1036,0.002466
1037,0.002467
1038,0.002488
1039,0.002478
1040,0.002483
1041,0.002485
1042,0.002489
1043,0.002493
1044,0.002499
1045,0.002505
1046,0.002509
1047,0.002742
1048,0.002534
1049,0.002537
1050,0.002539
1051,0.00258
1052,0.002631
1053,0.002543
1054,0.002599
1055,0.002556
1056,0.002555
1057,0.002588
1058,0.002577
1059,0.002666
1060,0.00258
1061,0.002791
1062,0.002585
1063,0.002587
1064,0.002637
1065,0.002603
1066,0.002869
1067,0.002865
1068,0.002687
1069,0.002677
1070,0.002629
1071,0.002637
1072,0.002636
1073,0.002702
1074,0.003052
1075,0.002646
1076,0.002652
1077,0.002904
1078,0.002904
1079,0.002668
1080,0.002939
1081,0.003658
1082,0.003225
1083,0.002686
1084,0.002686
1085,0.002692
1086,0.002698
1087,0.0027
1088,0.002734
1089,0.002757
1090,0.002749
1091,0.002721
1092,0.002797
1093,0.002732
1094,0.002735
1095,0.002745
1096,0.002749
1097,0.002799
1098,0.002773
1099,0.002762
1100,0.002766
1101,0.002799
1102,0.002803
1103,0.002778
1104,0.002793
1105,0.002856
1106,0.002793
1107,0.002942
1108,0.003128
1109,0.002811
1110,0.002816
1111,0.002819
1112,0.002826
1113,0.002849
1114,0.00284
1115,0.002868
1116,0.002851
1117,0.002845
1118,0.002857
1119,0.002859
1120,0.002863
1121,0.002907
1122,0.002961
1123,0.002885
1124,0.002942
1125,0.002914
1126,0.002894
1127,0.002897
1128,0.00296
1129,0.002971
1130,0.003023
1131,0.003389
1132,0.00294
1133,0.002955
1134,0.003053
1135,0.003166
1136,0.002941
1137,0.00298
1138,0.002955
1139,0.002959
1140,0.00307
1141,0.003306
1142,0.002976
1143,0.002982
1144,0.003032
1145,0.003288
1146,0.003006
1147,0.002998
1148,0.003055
1149,0.003017
1150,0.003043
1151,0.003022
1152,0.003026
1153,0.003033
1154,0.003031
1155,0.0031
1156,0.003052
1157,0.00311
1158,0.003057
1159,0.003064
1160,0.003144
1161,0.003096
1162,0.003365
1163,0.003154
1164,0.00308
1165,0.003121
1166,0.003096
1167,0.003132
1168,0.003126
1169,0.003113
1170,0.003114
1171,0.003137
1172,0.003138
1173,0.003728
1174,0.003305
1175,0.003171
1176,0.003215
1177,0.003328
1178,0.003388
1179,0.003162
1180,0.00317
1181,0.003173
1182,0.003177
1183,0.003211
1184,0.003256
1185,0.00324
1186,0.003196
1187,0.003205
1188,0.003213
1189,0.003259
1190,0.003222
1191,0.003223
1192,0.003302
1193,0.003342
1194,0.00324
1195,0.003248
1196,0.003368
1197,0.003261
1198,0.003263
1199,0.00333
1200,0.003347
1201,0.003308
1202,0.003288
1203,0.00329
1204,0.003486
1205,0.003621
1206,0.003385
1207,0.003423
1208,0.00339
1209,0.003316
1210,0.003334
1211,0.003332
1212,0.003339
1213,0.003372
1214,0.003348
1215,0.00342
1216,0.003376
1217,0.003402
1218,0.003377
1219,0.00343
1220,0.003433
1221,0.003395
1222,0.003393
1223,0.003397
1224,0.003427
1225,0.003405
1226,0.003413
1227,0.003491
1228,0.004069
1229,0.004351
1230,0.003498
1231,0.003441
1232,0.003627
1233,0.004279
1234,0.004101
1235,0.004433
1236,0.004993
1237,0.004094
1238,0.004084
1239,0.004474
1240,0.004042
1241,0.004141
1242,0.006067
1243,0.005932
1244,0.004631
1245,0.004176
1246,0.004783
1247,0.005309
1248,0.004069
1249,0.004103
1250,0.006608
1251,0.004223
1252,0.003727
1253,0.003605
1254,0.003595
1255,0.00373
1256,0.004608
1257,0.004721
1258,0.004691
1259,0.007184
1260,0.006115
1261,0.004667
1262,0.004285
1263,0.003741
1264,0.003881
1265,0.003963
1266,0.004512
1267,0.003772
1268,0.004049
1269,0.003659
1270,0.00553
1271,0.005467
1272,0.005534
1273,0.004241
1274,0.00489
1275,0.004056
1276,0.003785
1277,0.003697
1278,0.003789
1279,0.003807
1280,0.003795
1281,0.003721
1282,0.003764
1283,0.003784
1284,0.003735
1285,0.00384
1286,0.003752
1287,0.003747
1288,0.003828
1289,0.003765
1290,0.003773
1291,0.003788
1292,0.004066
1293,0.003853
1294,0.003832
1295,0.003806
1296,0.003803
1297,0.003894
1298,0.003858
1299,0.004122
1300,0.003829
1301,0.00384
1302,0.003845
1303,0.003848
1304,0.003859
1305,0.003858
1306,0.004556
1307,0.004035
1308,0.003887
1309,0.003879
1310,0.003929
1311,0.003891
1312,0.003896
1313,0.003927
1314,0.003981
1315,0.004003
1316,0.003964
1317,0.003951
1318,0.003934
1319,0.003933
1320,0.004016
1321,0.003955
1322,0.003978
1323,0.003991
1324,0.003965
1325,0.004049
1326,0.004005
1327,0.003979
1328,0.004046
1329,0.004133
1330,0.004053
1331,0.004197
1332,0.004052
1333,0.004107
1334,0.004034
1335,0.004038
1336,0.00413
1337,0.004042
1338,0.004048
1339,0.00408
1340,0.004063
1341,0.004134
1342,0.004082
1343,0.004361
1344,0.004309
1345,0.004158
1346,0.004163
1347,0.004174
1348,0.004434
1349,0.004113
1350,0.004198
1351,0.004155
1352,0.004219
1353,0.004222
1354,0.004515
1355,0.004277
1356,0.004194
1357,0.004243
1358,0.004168
1359,0.004206
1360,0.004208
1361,0.0042
1362,0.004218
1363,0.004277
1364,0.004297
1365,0.004216
1366,0.004253
1367,0.00427
1368,0.004233
1369,0.004236
1370,0.004354
1371,0.004237
1372,0.004282
1373,0.004316
1374,0.004266
1375,0.0046
1376,0.00451
1377,0.004352
1378,0.004292
1379,0.004383
1380,0.004303
1381,0.004379
1382,0.004337
1383,0.004319
1384,0.004507
1385,0.004383
1386,0.004383
1387,0.004396
1388,0.004488
1389,0.004414
1390,0.004452
1391,0.004404
1392,0.004421
1393,0.004406
1394,0.004473
1395,0.004436
1396,0.004441
1397,0.004439
1398,0.004408
1399,0.004505
1400,0.004454
1401,0.004429
1402,0.004643
1403,0.00454
1404,0.004502
1405,0.004459
1406,0.004523
1407,0.004479
1408,0.004511
1409,0.004487
1410,0.004557
1411,0.004636
1412,0.004501
1413,0.004574
1414,0.004516
1415,0.004566
1416,0.004527
1417,0.004753
1418,0.004713
1419,0.004576
1420,0.004542
1421,0.004561
1422,0.004639
1423,0.004561
1424,0.004596
1425,0.004683
1426,0.004725
1427,0.004602
1428,0.004606
1429,0.004605
1430,0.004638
1431,0.004667
1432,0.004647
1433,0.004656
1434,0.004644
1435,0.004676
1436,0.004727
1437,0.004707
1438,0.004666
1439,0.004696
1440,0.004681
1441,0.004699
1442,0.004685
1443,0.004687
1444,0.004886
1445,0.005066
1446,0.004824
1447,0.004712
1448,0.004883
1449,0.004732
1450,0.005018
1451,0.004759
1452,0.004794
1453,0.004858
1454,0.004779
1455,0.004792
1456,0.004777
1457,0.004835
1458,0.004794
1459,0.004859
1460,0.005094
1461,0.004826
1462,0.004818
1463,0.005002
1464,0.005021
1465,0.004841
1466,0.004889
1467,0.004907
1468,0.004863
1469,0.005009
1470,0.005156
1471,0.004963
1472,0.004992
1473,0.004886
1474,0.004982
1475,0.004999
1476,0.004943
1477,0.004921
1478,0.005013
1479,0.004964
1480,0.005042
1481,0.00501
1482,0.00495
1483,0.005447
1484,0.005057
1485,0.004968
1486,0.004973
1487,0.005032
1488,0.005049
1489,0.005016
1490,0.005125
1491,0.005126
1492,0.005088
1493,0.005121
1494,0.005029
1495,0.00502
1496,0.00511
1497,0.005039
1498,0.005104
1499,0.005111
1500,0.005052
1501,0.005061
1502,0.005171
1503,0.005161
1504,0.005091
1505,0.005095
1506,0.005102
1507,0.005113
1508,0.005142
1509,0.00513
1510,0.005435
1511,0.005195
1512,0.005472
1513,0.005238
1514,0.006014
1515,0.005656
1516,0.005231
1517,0.005174
1518,0.00521
1519,0.005414
1520,0.005249
1521,0.005265
1522,0.005259
1523,0.00524
1524,0.00566
1525,0.005272
1526,0.005296
1527,0.005283
1528,0.00525
1529,0.005486
1530,0.005257
1531,0.005296
1532,0.005433
1533,0.005532
1534,0.005288
1535,0.005415
1536,0.005297
1537,0.005362
1538,0.005348
1539,0.005322
1540,0.005389
1541,0.005345
1542,0.005388
1543,0.005373
1544,0.005503
1545,0.005508
1546,0.005418
1547,0.005449
1548,0.005455
1549,0.005432
1550,0.005556
1551,0.005403
1552,0.005476
1553,0.005407
1554,0.005491
1555,0.005446
1556,0.005509
1557,0.00547
1558,0.00545
1559,0.005455
1560,0.005663
1561,0.00559
1562,0.005512
1563,0.005518
1564,0.005667
1565,0.005507
1566,0.005549
1567,0.00561
1568,0.00562
1569,0.005549
1570,0.005532
1571,0.005575
1572,0.005551
1573,0.005719
1574,0.005858
1575,0.005766
1576,0.006287
1577,0.006623
1578,0.006343
1579,0.00574
1580,0.005861
1581,0.00569
1582,0.005645
1583,0.005626
1584,0.005649
1585,0.005717
1586,0.005698
1587,0.005684
1588,0.005671
1589,0.005739
1590,0.005666
1591,0.005747
1592,0.005685
1593,0.005729
1594,0.005724
1595,0.005742
1596,0.00577
1597,0.00579
1598,0.005784
1599,0.005731
1600,0.00578
1601,0.005746
1602,0.005781
1603,0.006017
1604,0.005904
1605,0.005817
1606,0.005827
1607,0.005795
1608,0.0058
1609,0.005876
1610,0.005841
1611,0.005829
1612,0.005856
1613,0.005874
1614,0.005895
1615,0.005898
1616,0.006024
1617,0.006069
1618,0.005859
1619,0.005927
1620,0.006682
1621,0.006423
1622,0.005952
1623,0.005989
1624,0.005975
1625,0.00596
1626,0.00595
1627,0.005943
1628,0.005944
1629,0.006012
1630,0.006037
1631,0.005961
1632,0.006033
1633,0.006027
1634,0.006079
1635,0.006025
1636,0.00604
1637,0.006069
1638,0.006033
1639,0.006022
1640,0.006026
1641,0.007332
1642,0.006074
1643,0.006048
1644,0.006121
1645,0.006155
1646,0.006115
1647,0.006109
1648,0.006154
1649,0.006088
1650,0.00616
1651,0.006266
1652,0.006157
1653,0.006185
1654,0.006136
1655,0.006226
1656,0.006193
1657,0.006166
1658,0.006194
1659,0.006228
1660,0.00628
1661,0.006222
1662,0.006236
1663,0.006174
1664,0.006196
1665,0.00621
1666,0.00627
1667,0.006227
1668,0.006229
1669,0.006328
1670,0.006362
1671,0.006309
1672,0.006263
1673,0.006295
1674,0.00627
1675,0.006305
1676,0.006871
1677,0.008975
1678,0.010759
1679,0.012191
1680,0.00911
1681,0.010426
1682,0.007868
1683,0.007253
1684,0.007599
1685,0.007953
1686,0.008683
1687,0.011603
1688,0.006559
1689,0.00659
1690,0.007009
1691,0.006507
1692,0.006813
1693,0.006598
1694,0.006981
1695,0.006724
1696,0.007528
1697,0.007449
1698,0.006995
1699,0.006493
1700,0.008132
1701,0.00848
1702,0.007537
1703,0.007977
1704,0.00671
1705,0.006567
1706,0.006781
1707,0.006582
1708,0.006592
1709,0.006834
1710,0.006689
1711,0.009608
1712,0.006705
1713,0.006671
1714,0.006753
1715,0.006916
1716,0.006931
1717,0.009248
1718,0.007351
1719,0.006648
1720,0.006634
1721,0.006713
1722,0.006642
1723,0.007105
1724,0.006713
1725,0.006741
1726,0.006707
1727,0.007098
1728,0.006681
1729,0.006717
1730,0.006753
1731,0.006752
1732,0.006753
1733,0.006711
1734,0.006762
1735,0.00683
1736,0.006888
1737,0.006744
1738,0.006837
1739,0.006912
1740,0.006821
1741,0.006841
1742,0.006791
1743,0.006916
1744,0.006897
1745,0.006843
1746,0.007581
1747,0.007185
1748,0.007026
1749,0.006962
1750,0.007031
1751,0.007339
1752,0.006907
1753,0.006984
1754,0.006981
1755,0.006944
1756,0.006888
1757,0.006897
1758,0.007565
1759,0.007058
1760,0.006912
1761,0.007128
1762,0.00702
1763,0.006958
1764,0.007039
1765,0.008724
1766,0.007075
1767,0.007088
1768,0.007401
1769,0.007045
1770,0.007047
1771,0.007564
1772,0.00716
1773,0.007218
1774,0.007072
1775,0.007096
1776,0.007133
1777,0.007073
1778,0.007462
1779,0.007212
1780,0.007116
1781,0.007258
1782,0.007264
1783,0.00719
1784,0.007154
1785,0.007627
1786,0.007383
1787,0.007187
1788,0.007278
1789,0.007397
1790,0.007208
1791,0.008954
1792,0.007505
1793,0.007566
1794,0.007343
1795,0.007349
1796,0.007315
1797,0.007294
1798,0.007253
1799,0.007451
1800,0.00734
1801,0.007372
1802,0.007342
1803,0.007283
1804,0.007401
1805,0.007303
1806,0.007463
1807,0.007367
1808,0.007315
1809,0.007457
1810,0.007379
1811,0.007496
1812,0.007571
1813,0.007363
1814,0.007969
1815,0.008193
1816,0.007379
1817,0.007457
1818,0.007372
1819,0.007657
1820,0.007525
1821,0.007556
1822,0.00747
1823,0.007573
1824,0.007534
1825,0.007503
1826,0.007598
1827,0.007737
1828,0.007485
1829,0.007529
1830,0.007488
1831,0.007524
1832,0.008008
1833,0.007601
1834,0.007571
1835,0.007536
1836,0.011456
1837,0.009798
1838,0.007718
1839,0.007628
1840,0.007549
1841,0.007631
1842,0.007645
1843,0.007769
1844,0.007649
1845,0.007625
1846,0.007727
1847,0.007881
1848,0.007882
1849,0.007639
1850,0.008213
1851,0.007735
1852,0.00776
1853,0.007783
1854,0.007685
1855,0.007682
1856,0.007686
1857,0.008096
1858,0.007889
1859,0.007711
1860,0.008091
1861,0.008019
1862,0.008269
1863,0.007804
1864,0.007788
1865,0.007864
1866,0.007789
1867,0.007983
1868,0.00779
1869,0.007882
1870,0.007981
1871,0.007932
1872,0.008048
1873,0.007822
1874,0.007901
1875,0.0079
1876,0.008007
1877,0.007946
1878,0.007902
1879,0.007864
1880,0.007914
1881,0.007935
1882,0.007898
1883,0.008041
1884,0.008123
1885,0.007944
1886,0.008002
1887,0.008018
1888,0.008047
1889,0.008099
1890,0.008131
1891,0.008005
1892,0.007974
1893,0.00799
1894,0.008094
1895,0.008006
1896,0.008087
1897,0.008052
1898,0.00808
1899,0.008027
1900,0.008073
1901,0.00805
1902,0.008165
1903,0.008063
1904,0.008081
1905,0.00814
1906,0.008168
1907,0.008177
1908,0.008156
1909,0.008157
1910,0.009423
1911,0.008244
1912,0.008827
1913,0.008209
1914,0.008301
1915,0.008411
1916,0.008188
1917,0.008173
1918,0.008259
1919,0.008237
1920,0.008369
1921,0.009459
1922,0.009476
1923,0.012242
1924,0.008355
1925,0.008298
1926,0.008418
1927,0.008369
1928,0.008392
1929,0.008412
1930,0.008316
1931,0.008427
1932,0.008344
1933,0.00836
1934,0.008352
1935,0.008425
1936,0.008598
1937,0.008494
1938,0.008425
1939,0.008444
1940,0.008546
1941,0.008513
1942,0.009021
1943,0.008557
1944,0.008478
1945,0.008961
1946,0.008536
1947,0.008436
1948,0.008553
1949,0.008449
1950,0.008485
1951,0.008657
1952,0.008474
1953,0.008486
1954,0.00863
1955,0.00881
1956,0.008538
1957,0.008616
1958,0.008687
1959,0.008579
1960,0.008631
1961,0.00864
1962,0.008562
1963,0.008708
1964,0.008689
1965,0.008692
1966,0.008778
1967,0.008599
1968,0.008643
1969,0.008714
1970,0.008652
1971,0.008638
1972,0.008754
1973,0.008757
1974,0.008652
1975,0.009037
1976,0.008751
1977,0.008793
1978,0.00902
1979,0.008888
1980,0.008716
1981,0.00963
1982,0.009939
1983,0.009259
1984,0.008774
1985,0.008774
1986,0.008917
1987,0.009005
1988,0.00882
1989,0.008975
1990,0.008973
1991,0.008813
1992,0.008863
1993,0.008872
1994,0.008931
1995,0.008862
1996,0.008911
1997,0.00887
1998,0.008978
1999,0.0089
2000,0.009027
2001,0.009069
2002,0.008941
2003,0.008956
2004,0.008939
2005,0.008986
2006,0.008983
2007,0.008967
2008,0.009165
2009,0.009131
2010,0.009072
2011,0.009134
2012,0.009364
2013,0.009124
2014,0.009111
2015,0.009151
2016,0.009052
2017,0.009059
2018,0.009229
2019,0.009171
2020,0.009146
2021,0.009262
2022,0.009379
2023,0.009144
2024,0.009131
2025,0.009228
2026,0.009407
2027,0.009435
2028,0.009437
2029,0.009382
2030,0.009275
2031,0.009416
2032,0.009349
2033,0.009234
2034,0.009179
2035,0.009543
2036,0.0092
2037,0.009289
2038,0.009255
2039,0.00932
2040,0.00939
2041,0.013792
2042,0.011102
2043,0.010708
2044,0.009377
2045,0.009554
2046,0.009454
2047,0.009314
2048,0.010216
2049,0.009395
2050,0.009367
2051,0.009394
2052,0.009703
2053,0.00984
2054,0.009363
2055,0.009436
2056,0.009407
2057,0.009573
2058,0.009435
2059,0.009469
2060,0.009501
2061,0.009457
2062,0.009512
2063,0.009515
2064,0.00955
2065,0.009516
2066,0.009491
2067,0.009516
2068,0.0095
2069,0.009657
2070,0.009541
2071,0.009758
2072,0.009783
2073,0.009745
2074,0.009818
2075,0.00994
2076,0.009613
2077,0.009752
2078,0.009711
2079,0.009803
2080,0.009775
2081,0.009655
2082,0.009708
2083,0.009746
2084,0.009961
2085,0.010221
2086,0.009744
2087,0.010146
2088,0.009724
2089,0.009757
2090,0.009819
2091,0.009724
2092,0.009773
2093,0.009833
2094,0.009756
2095,0.009947
2096,0.009796
2097,0.009813
2098,0.009829
2099,0.011926
2100,0.010905
2101,0.009863
2102,0.009883
2103,0.009903
2104,0.009973
2105,0.01019
2106,0.010124
2107,0.009878
2108,0.00996
2109,0.009978
2110,0.010008
2111,0.009982
2112,0.00997
2113,0.009987
2114,0.009917
2115,0.010031
2116,0.010036
2117,0.00995
2118,0.00994
2119,0.010067
2120,0.010182
2121,0.010224
2122,0.01002
2123,0.010087
2124,0.010081
2125,0.010319
2126,0.010253
2127,0.010097
2128,0.010082
2129,0.010069
2130,0.010255
2131,0.010226
2132,0.01026
2133,0.010225
2134,0.010256
2135,0.010226
2136,0.010312
2137,0.010401
2138,0.010182
2139,0.010131
2140,0.010186
2141,0.010165
2142,0.010169
2143,0.010351
2144,0.01071
2145,0.010257
2146,0.010318
2147,0.010476
2148,0.010228
2149,0.010442
2150,0.010986
2151,0.010334
2152,0.010528
2153,0.011082
2154,0.010433
2155,0.01079
2156,0.010419
2157,0.011591
2158,0.015224
2159,0.010516
2160,0.010336
2161,0.010408
2162,0.010428
2163,0.010525
2164,0.010557
2165,0.010493
2166,0.01065
2167,0.010581
2168,0.010494
2169,0.010655
2170,0.010603
2171,0.010654
2172,0.010725
2173,0.010951
2174,0.01057
2175,0.010661
2176,0.010526
2177,0.011146
2178,0.010766
2179,0.010839
2180,0.010615
2181,0.010654
2182,0.010702
2183,0.011184
2184,0.010894
2185,0.010671
2186,0.010782
2187,0.010595
2188,0.011062
2189,0.010732
2190,0.010733
2191,0.010923
2192,0.010822
2193,0.010759
2194,0.01077
2195,0.010713
2196,0.010746
2197,0.010993
2198,0.010777
2199,0.010741
2200,0.010884
2201,0.010749
2202,0.011029
2203,0.010809
2204,0.01083
2205,0.010799
2206,0.010818
2207,0.010861
2208,0.011028
2209,0.010827
2210,0.010893
2211,0.011088
2212,0.010892
2213,0.010889
2214,0.011439
2215,0.010918
2216,0.011042
2217,0.010959
2218,0.011219
2219,0.011611
2220,0.010969
2221,0.011061
2222,0.010945
2223,0.012867
2224,0.011603
2225,0.011182
2226,0.010979
2227,0.011118
2228,0.011137
2229,0.011307
2230,0.011104
2231,0.011107
2232,0.011243
2233,0.011019
2234,0.011213
2235,0.011391
2236,0.011249
2237,0.011154
2238,0.011199
2239,0.01122
2240,0.011126
2241,0.011482
2242,0.011387
2243,0.011197
2244,0.011321
2245,0.011373
2246,0.011303
2247,0.011424
2248,0.011286
2249,0.011784
2250,0.011755
2251,0.012582
2252,0.01201
2253,0.013577
2254,0.012664
2255,0.011955
2256,0.018104
2257,0.013579
2258,0.013629
2259,0.013604
2260,0.013105
2261,0.011713
2262,0.011735
2263,0.011527
2264,0.011473
2265,0.011546
2266,0.011677
2267,0.011399
2268,0.011426
2269,0.011605
2270,0.011556
2271,0.012863
2272,0.011879
2273,0.011446
2274,0.011512
2275,0.011579
2276,0.011568
2277,0.01152
2278,0.01155
2279,0.011931
2280,0.011644
2281,0.011567
2282,0.012061
2283,0.011651
2284,0.011706
2285,0.011578
2286,0.011758
2287,0.012164
2288,0.01263
2289,0.011621
2290,0.011608
2291,0.011609
2292,0.012016
2293,0.011781
2294,0.011849
2295,0.011687
2296,0.011697
2297,0.011748
2298,0.011733
2299,0.011902
2300,0.01169
2301,0.012261
2302,0.011878
2303,0.012281
2304,0.011871
2305,0.011901
2306,0.011797
2307,0.012231
2308,0.012231
2309,0.011848
2310,0.012054
2311,0.011894
2312,0.012035
2313,0.011915
2314,0.011873
2315,0.012034
2316,0.01203
2317,0.01196
2318,0.012146
2319,0.012841
2320,0.012392
2321,0.012083
2322,0.012751
2323,0.012
2324,0.012339
2325,0.011989
2326,0.012139
2327,0.012288
2328,0.01222
2329,0.012348
2330,0.012244
2331,0.012008
2332,0.012132
2333,0.01231
2334,0.012042
2335,0.012101
2336,0.012193
2337,0.012335
2338,0.012456
2339,0.012224
2340,0.012247
2341,0.012265
2342,0.012321
2343,0.012867
2344,0.01223
2345,0.013954
2346,0.016591
2347,0.012412
2348,0.01273
2349,0.012307
2350,0.012327
2351,0.01236
2352,0.012464
2353,0.013226
2354,0.012516
2355,0.012298
2356,0.012329
2357,0.012423
2358,0.012547
2359,0.012401
2360,0.012518
2361,0.012631
2362,0.012567
2363,0.012405
2364,0.012506
2365,0.012458
2366,0.012493
2367,0.012454
2368,0.012921
2369,0.012526
2370,0.012543
2371,0.012554
2372,0.012619
2373,0.012474
2374,0.012524
2375,0.012551
2376,0.012776
2377,0.012685
2378,0.012493
2379,0.01254
2380,0.012737
2381,0.012628
2382,0.012595
2383,0.014197
2384,0.012997
2385,0.012611
2386,0.012712
2387,0.012641
2388,0.012733
2389,0.012843
2390,0.012846
2391,0.012727
2392,0.012991
2393,0.013233
2394,0.012875
2395,0.01287
2396,0.01297
2397,0.012977
2398,0.01286
2399,0.012771
2400,0.013002
2401,0.012781
2402,0.012849
2403,0.012898
2404,0.012872
2405,0.012815
2406,0.012895
2407,0.013056
2408,0.012994
2409,0.012889
2410,0.012832
2411,0.012898
2412,0.012861
2413,0.012906
2414,0.012895
2415,0.013132
2416,0.013157
2417,0.013013
2418,0.012903
2419,0.013021
2420,0.01298
2421,0.013017
2422,0.013008
2423,0.013134
2424,0.013263
2425,0.013277
2426,0.01316
2427,0.013188
2428,0.013226
2429,0.013415
2430,0.013218
2431,0.013803
2432,0.013308
2433,0.013491
2434,0.013097
2435,0.013541
2436,0.01325
2437,0.013254
2438,0.013476
2439,0.013247
2440,0.01337
2441,0.013211
2442,0.013265
2443,0.01331
2444,0.013311
2445,0.01349
2446,0.013366
2447,0.013264
2448,0.013633
2449,0.013349
2450,0.013517
2451,0.013344
2452,0.013445
2453,0.013309
2454,0.013406
2455,0.013418
2456,0.013483
2457,0.013423
2458,0.013567
2459,0.013679
2460,0.013473
2461,0.013458
2462,0.013557
2463,0.013514
2464,0.013601
2465,0.01373
2466,0.013532
2467,0.013496
2468,0.013727
2469,0.013833
2470,0.013564
2471,0.013802
2472,0.013562
2473,0.013769
2474,0.013587
2475,0.014032
2476,0.013632
2477,0.013733
2478,0.014066
2479,0.013685
2480,0.013806
2481,0.013779
2482,0.013831
2483,0.013721
2484,0.014078
2485,0.013914
2486,0.014045
2487,0.01371
2488,0.013717
2489,0.01372
2490,0.013937
2491,0.013806
2492,0.014064
2493,0.013826
2494,0.01421
2495,0.013732
2496,0.013883
2497,0.013733
2498,0.013885
2499,0.014061
2500,0.013944
2501,0.014447
2502,0.013856
2503,0.01389
2504,0.014796
2505,0.016077
2506,0.013993
2507,0.014095
2508,0.014052
2509,0.014054
2510,0.013886
2511,0.013923
2512,0.014228
2513,0.013988
2514,0.013971
2515,0.01405
2516,0.013976
2517,0.013984
2518,0.014314
2519,0.014328
2520,0.014027
2521,0.01405
2522,0.014269
2523,0.014491
2524,0.014554
2525,0.014304
2526,0.014358
2527,0.01431
2528,0.014282
2529,0.014384
2530,0.014185
2531,0.01437
2532,0.014349
2533,0.014172
2534,0.014348
2535,0.014794
2536,0.015063
2537,0.014304
2538,0.014883
2539,0.014461
2540,0.014246
2541,0.014243
2542,0.014346
2543,0.014345
2544,0.014729
2545,0.014437
2546,0.014539
2547,0.014347
2548,0.014365
2549,0.014489
2550,0.014789
2551,0.014349
2552,0.014544
2553,0.014922
2554,0.014604
2555,0.014416
2556,0.014592
2557,0.014532
2558,0.014475
2559,0.014537
2560,0.01473
2561,0.014505
2562,0.014522
2563,0.014513
2564,0.01483
2565,0.014584
2566,0.015224
2567,0.014595
2568,0.014797
2569,0.01463
2570,0.014733
2571,0.014809
2572,0.014709
2573,0.014898
2574,0.015457
2575,0.014838
2576,0.014686
2577,0.014681
2578,0.014747
2579,0.014659
2580,0.014955
2581,0.015071
2582,0.014807
2583,0.014825
2584,0.014722
2585,0.01494
2586,0.014796
2587,0.015112
2588,0.015054
2589,0.014871
2590,0.014813
2591,0.015046
2592,0.014804
2593,0.014842
2594,0.015231
2595,0.015008
2596,0.014957
2597,0.015087
2598,0.014944
2599,0.01532
2600,0.015098
2601,0.01518
2602,0.014982
2603,0.015239
2604,0.015469
2605,0.015175
2606,0.015665
2607,0.015162
2608,0.015063
2609,0.015035
2610,0.015146
2611,0.015131
2612,0.015471
2613,0.015362
2614,0.015486
2615,0.015143
2616,0.015237
2617,0.015238
2618,0.015133
2619,0.01531
2620,0.015337
2621,0.015646
2622,0.015197
2623,0.015229
2624,0.015223
2625,0.015261
2626,0.018219
2627,0.015571
2628,0.015283
2629,0.015253
2630,0.015986
2631,0.015611
2632,0.015475
2633,0.015489
2634,0.015581
2635,0.015822
2636,0.01887
2637,0.015678
2638,0.015415
2639,0.016682
2640,0.015592
2641,0.015496
2642,0.015441
2643,0.015671
2644,0.015753
2645,0.015601
2646,0.015547
2647,0.015663
2648,0.015664
2649,0.01556
2650,0.015574
2651,0.015841
2652,0.016329
2653,0.015702
2654,0.015824
2655,0.01552
2656,0.015719
2657,0.015729
2658,0.015729
2659,0.015677
2660,0.015711
2661,0.015677
2662,0.015737
2663,0.016158
2664,0.015866
2665,0.015911
2666,0.01678
2667,0.015831
2668,0.015972
2669,0.017208
2670,0.015955
2671,0.016568
2672,0.015739
2673,0.016018
2674,0.016172
2675,0.015859
2676,0.015995
2677,0.016077
2678,0.016058
2679,0.015914
2680,0.016249
2681,0.01614
2682,0.015971
2683,0.016154
2684,0.01594
2685,0.01601
2686,0.016034
2687,0.0161
2688,0.015994
2689,0.016031
2690,0.016362
2691,0.015983
2692,0.016086
2693,0.025075
2694,0.018589
2695,0.021284
2696,0.022897
2697,0.01857
2698,0.018746
2699,0.016145
2700,0.016642
2701,0.016335
2702,0.016257
2703,0.016335
2704,0.016673
2705,0.016206
2706,0.01623
2707,0.016217
2708,0.016458
2709,0.016376
2710,0.016609
2711,0.016222
2712,0.016164
2713,0.016425
2714,0.016865
2715,0.018732
2716,0.017681
2717,0.016786
2718,0.016429
2719,0.016734
2720,0.016464
2721,0.016354
2722,0.016748
2723,0.016653
2724,0.016459
2725,0.016565
2726,0.016666
2727,0.016864
2728,0.016629
2729,0.016659
2730,0.016992
2731,0.017026
2732,0.016472
2733,0.016667
2734,0.016578
2735,0.016916
2736,0.016685
2737,0.016775
2738,0.016588
2739,0.016543
2740,0.016972
2741,0.01671
2742,0.01663
2743,0.017099
2744,0.016595
2745,0.016744
2746,0.016615
2747,0.016771
2748,0.016878
2749,0.016785
2750,0.016822
2751,0.017187
2752,0.01693
2753,0.017189
2754,0.016857
2755,0.016928
2756,0.01677
2757,0.017148
2758,0.016905
2759,0.017555
2760,0.017005
2761,0.016973
2762,0.017015
2763,0.016999
2764,0.016986
2765,0.01708
2766,0.017039
2767,0.016902
2768,0.016972
2769,0.016994
2770,0.017059
2771,0.017245
2772,0.017225
2773,0.017288
2774,0.017213
2775,0.017252
2776,0.017015
2777,0.017188
2778,0.017097
2779,0.017315
2780,0.01732
2781,0.018862
2782,0.017196
2783,0.017213
2784,0.017175
2785,0.017965
2786,0.017516
2787,0.017756
2788,0.017409
2789,0.017343
2790,0.017376
2791,0.017362
2792,0.01896
2793,0.024076
2794,0.017472
2795,0.017582
2796,0.017231
2797,0.017327
2798,0.01722
2799,0.017359
2800,0.017523
2801,0.017676
2802,0.017473
2803,0.01736
2804,0.017288
2805,0.017464
2806,0.017798
2807,0.017429
2808,0.017552
2809,0.017438
2810,0.017577
2811,0.017435
2812,0.018191
2813,0.017716
2814,0.017637
2815,0.017681
2816,0.018448
2817,0.017538
2818,0.017931
2819,0.017805
2820,0.017895
2821,0.017794
2822,0.017864
2823,0.017702
2824,0.017944
2825,0.017648
2826,0.017575
2827,0.017691
2828,0.017673
2829,0.018483
2830,0.017835
2831,0.01786
2832,0.017745
2833,0.017768
2834,0.017948
2835,0.01797
2836,0.018263
2837,0.01801
2838,0.017813
2839,0.018102
2840,0.018019
2841,0.01786
2842,0.01802
2843,0.019634
2844,0.017889
2845,0.018229
2846,0.017976
2847,0.017931
2848,0.018002
2849,0.018495
2850,0.017966
2851,0.017964
2852,0.017947
2853,0.023941
2854,0.01825
2855,0.018266
2856,0.018414
2857,0.017938
2858,0.018349
2859,0.018156
2860,0.018005
2861,0.018076
2862,0.01815
2863,0.018437
2864,0.018395
2865,0.018171
2866,0.018171
2867,0.018067
2868,0.018114
2869,0.018286
2870,0.018452
2871,0.019388
2872,0.018202
2873,0.018535
2874,0.018403
2875,0.01869
2876,0.018417
2877,0.018243
2878,0.018295
2879,0.018336
2880,0.018315
2881,0.018504
2882,0.018418
2883,0.018487
2884,0.018665
2885,0.018399
2886,0.018635
2887,0.018776
2888,0.018415
2889,0.018731
2890,0.018584
2891,0.01863
2892,0.018543
2893,0.018572
2894,0.018455
2895,0.018592
2896,0.018764
2897,0.018855
2898,0.019149
2899,0.018478
2900,0.018613
2901,0.019033
2902,0.020759
2903,0.019005
2904,0.018844
2905,0.018811
2906,0.018709
2907,0.018906
2908,0.01882
2909,0.023199
2910,0.020274
2911,0.018734
2912,0.019077
2913,0.019099
2914,0.018947
2915,0.018672
2916,0.019056
2917,0.018925
2918,0.019188
2919,0.019219
2920,0.019036
2921,0.018757
2922,0.01879
2923,0.019027
2924,0.019517
2925,0.01887
2926,0.01904
2927,0.019183
2928,0.018914
2929,0.019082
2930,0.018991
2931,0.019343
2932,0.018876
2933,0.019033
2934,0.01907
2935,0.019546
2936,0.019121
2937,0.019754
2938,0.01939
2939,0.019277
2940,0.019322
2941,0.02086
2942,0.021181
2943,0.01941
2944,0.020264
2945,0.020164
2946,0.019417
2947,0.019331
2948,0.01909
2949,0.020876
2950,0.01944
2951,0.01933
2952,0.019329
2953,0.019498
2954,0.019778
2955,0.01926
2956,0.019665
2957,0.020801
2958,0.030123
2959,0.020998
2960,0.019324
2961,0.019679
2962,0.019237
2963,0.019418
2964,0.019579
2965,0.019457
2966,0.019694
2967,0.019736
2968,0.019645
2969,0.019659
2970,0.019468
2971,0.019737
2972,0.019961
2973,0.019611
2974,0.019514
2975,0.02018
2976,0.019682
2977,0.019743
2978,0.019924
2979,0.019807
2980,0.020299
2981,0.0198
2982,0.019692
2983,0.019618
2984,0.019846
2985,0.019558
2986,0.019749
2987,0.021811
2988,0.020033
2989,0.019689
2990,0.020017
2991,0.01971
2992,0.019706
2993,0.020274
2994,0.019932
2995,0.019826
2996,0.019787
2997,0.020101
2998,0.019972
2999,0.019937
3000,0.020953
